------------
Topic 1 (3450 tokens)
------------
0.00000	0.00000	0.01000	played
0.00000	0.00000	0.01000	batters.
0.00000	0.00000	0.01000	95th
0.00000	0.00000	0.01000	place
0.00000	0.00000	0.01000	game
0.00521	18.00000	0.01000	training
0.00000	0.00000	0.01000	team.
0.00000	0.00000	0.01000	decision
0.00000	0.00000	0.01000	67-46
0.00000	0.00000	0.01000	scored
0.00000	0.00000	0.01000	4.41
0.00000	0.00000	0.01000	bases
0.00000	0.00000	0.01000	competition
0.05521	191.00000	0.01000	also
0.03035	105.00000	0.01000	known
0.00289	10.00000	0.01000	1993
0.00000	0.00000	0.01000	extra
0.00000	0.00000	0.01000	second
0.00000	0.00000	0.01000	round
0.00000	0.00000	0.01000	figure
0.00000	0.00000	0.01000	national
0.00232	8.00000	0.01000	determine
0.00000	0.00000	0.01000	champions
0.00000	0.00000	0.01000	governing
0.00000	0.00000	0.01000	competed
0.00058	2.00000	0.01000	pair
0.00000	0.00000	0.01000	skating
0.00000	0.00000	0.01000	ice
0.00000	0.00000	0.01000	dancing
0.00000	0.00000	0.01000	2002
0.01185	41.00000	0.01000	large
0.01590	55.00000	0.01000	number
0.00000	0.00000	0.01000	senior
0.00000	0.00000	0.01000	rounds
0.00116	4.00000	0.01000	split
0.00000	0.00000	0.01000	2005
0.00058	2.00000	0.01000	pursuit
0.00203	7.00000	0.01000	events
0.00000	0.00000	0.01000	2007.
0.00000	0.00000	0.01000	riders
0.00000	0.00000	0.01000	advance
0.00000	0.00000	0.01000	shows
0.00000	0.00000	0.01000	matches
0.00318	11.00000	0.01000	section
0.00000	0.00000	0.01000	squad
0.00000	0.00000	0.01000	currently
0.00000	0.00000	0.01000	players
0.00000	0.00000	0.01000	position
0.00145	5.00000	0.01000	400
0.00000	0.00000	0.01000	car
0.00000	0.00000	0.01000	2012
0.00000	0.00000	0.01000	ten-race
0.00145	5.00000	0.01000	intermediate
0.00000	0.00000	0.01000	others
0.00000	0.00000	0.01000	width
0.00000	0.00000	0.01000	racetrack
0.00000	0.00000	0.01000	led
0.00116	4.00000	0.01000	ahead
0.00232	8.00000	0.01000	top
0.00000	0.00000	0.01000	points
0.00318	11.00000	0.01000	parallel
0.00463	16.00000	0.01000	total
0.00000	0.00000	0.01000	179
0.00000	0.00000	0.01000	winner.
0.00000	0.00000	0.01000	third.
0.00000	0.00000	0.01000	quickest
0.00000	0.00000	0.01000	twenty-fifth.
0.00000	0.00000	0.01000	entered
0.00029	1.00000	0.01000	qualifying
0.01474	51.00000	0.01000	could
0.00000	0.00000	0.01000	front
0.00000	0.00000	0.01000	row
0.00000	0.00000	0.01000	twenty-second
0.00000	0.00000	0.01000	homologue
0.00000	0.00000	0.01000	catalyses
0.00000	0.00000	0.01000	leucine
0.00000	0.00000	0.01000	aspera
0.00000	0.00000	0.01000	shrub
0.00000	0.00000	0.01000	metres
0.01301	45.00000	0.01000	long
0.00000	0.00000	0.01000	wide.
0.00318	11.00000	0.01000	gold
0.00000	0.00000	0.01000	globular
0.00000	0.00000	0.01000	flowerheads
0.00000	0.00000	0.01000	curved
0.00810	28.00000	0.01000	described
0.00000	0.00000	0.01000	1838
0.00867	30.00000	0.01000	based
0.00665	23.00000	0.01000	near
0.00694	24.00000	0.01000	occurs
0.00029	1.00000	0.01000	northward
0.00318	11.00000	0.01000	communities
0.00000	0.00000	0.01000	musical
0.00000	0.00000	0.01000	lyrics
0.00000	0.00000	0.01000	discovers
0.00260	9.00000	0.01000	flying
0.00000	0.00000	0.01000	mother
0.00000	0.00000	0.01000	near-fatal
0.00000	0.00000	0.01000	productions.
0.00000	0.00000	0.01000	discuss
0.00000	0.00000	0.01000	directed
------------
Topic 3 (720 tokens)
------------
0.00001	0.00000	0.01000	played
0.00001	0.00000	0.01000	1994
0.00001	0.00000	0.01000	leagues
0.00001	0.00000	0.01000	good
0.00001	0.00000	0.01000	enough
0.00001	0.00000	0.01000	world
0.00001	0.00000	0.01000	contract
0.00001	0.00000	0.01000	reported
0.00001	0.00000	0.01000	games
0.00001	0.00000	0.01000	stated
0.00001	0.00000	0.01000	pursue
0.00001	0.00000	0.01000	always
0.00001	0.00000	0.01000	113
0.00001	0.00000	0.01000	5.60
0.00001	0.00000	0.01000	game
0.00001	0.00000	0.01000	run
0.00001	0.00000	0.01000	started
0.00001	0.00000	0.01000	pitched
0.02056	15.00000	0.01000	runs
0.00001	0.00000	0.01000	reasons.
0.00001	0.00000	0.01000	member
0.00001	0.00000	0.01000	champions
0.00001	0.00000	0.01000	tournament
0.00001	0.00000	0.01000	time.
0.00001	0.00000	0.01000	2001-2002
0.00001	0.00000	0.01000	championship
0.00001	0.00000	0.01000	disciplines
0.00001	0.00000	0.01000	senior
0.00001	0.00000	0.01000	help
0.00001	0.00000	0.01000	2002.
0.00001	0.00000	0.01000	ladies
0.00001	0.00000	0.01000	qualifying
0.00001	0.00000	0.01000	replacing
0.00001	0.00000	0.01000	2007
0.00001	0.00000	0.01000	contest.
0.00001	0.00000	0.01000	fastest
0.00138	1.00000	0.01000	10:45
0.00001	0.00000	0.01000	article
0.00001	0.00000	0.01000	statistics
0.00001	0.00000	0.01000	club
0.00001	0.00000	0.01000	considering
0.00001	0.00000	0.01000	moved
0.00001	0.00000	0.01000	see
0.00001	0.00000	0.01000	section
0.00001	0.00000	0.01000	shows
0.00001	0.00000	0.01000	4-4-2
0.00001	0.00000	0.01000	2012
0.01782	13.00000	0.01000	track
0.00138	1.00000	0.01000	tri-oval
0.00138	1.00000	0.01000	turn
0.01645	12.00000	0.01000	race
0.00138	1.00000	0.01000	2,012
0.00001	0.00000	0.01000	place
0.00001	0.00000	0.01000	position
0.00275	2.00000	0.01000	2,006
0.02604	19.00000	0.01000	points
0.00001	0.00000	0.01000	ten
0.00549	4.00000	0.01000	each.
0.00001	0.00000	0.01000	2,000.
0.00001	0.00000	0.01000	third
0.00001	0.00000	0.01000	2012.
0.00001	0.00000	0.01000	lasted
0.00001	0.00000	0.01000	minutes
0.00549	4.00000	0.01000	quickest
0.00686	5.00000	0.01000	second
0.00549	4.00000	0.01000	rounded
0.01234	9.00000	0.01000	drivers
0.00138	1.00000	0.01000	practice
0.00001	0.00000	0.01000	cars
0.00138	1.00000	0.01000	pole
0.00001	0.00000	0.01000	time
0.00001	0.00000	0.01000	joined
0.00001	0.00000	0.01000	took
0.00001	0.00000	0.01000	fourth
0.00138	1.00000	0.01000	qualify
0.00275	2.00000	0.01000	dehydratase
0.00138	1.00000	0.01000	aconitase
0.00138	1.00000	0.01000	3-isopropylmalate
0.00823	6.00000	0.01000	via
0.00138	1.00000	0.01000	biosynthesis
0.00001	0.00000	0.01000	commonly
0.00275	2.00000	0.01000	phyllodes
0.00001	0.00000	0.01000	singly
0.00138	1.00000	0.01000	followed
0.00138	1.00000	0.01000	coiled
0.00138	1.00000	0.01000	seed
0.00001	0.00000	0.01000	long
0.00001	0.00000	0.01000	interior
0.00001	0.00000	0.01000	expedition.
0.00001	0.00000	0.01000	subspecies
0.00412	3.00000	0.01000	aspera
0.00138	1.00000	0.01000	eastward
0.00001	0.00000	0.01000	open
0.00001	0.00000	0.01000	musical
0.00001	0.00000	0.01000	boy
0.00001	0.00000	0.01000	separated
0.00001	0.00000	0.01000	inspired
0.00001	0.00000	0.01000	father
0.00001	0.00000	0.01000	pilot
0.00001	0.00000	0.01000	bout
0.00138	1.00000	0.01000	met
------------
Topic 4 (2597 tokens)
------------
0.00000	0.00000	0.01000	honors.
0.00000	0.00000	0.01000	1994
0.00039	1.00000	0.01000	major
0.00537	14.00000	0.01000	1st
0.00000	0.00000	0.01000	ahead
0.00231	6.00000	0.01000	2nd
0.00000	0.00000	0.01000	retiring
0.00154	4.00000	0.01000	signing
0.00000	0.00000	0.01000	played
0.00652	17.00000	0.01000	organization
0.01074	28.00000	0.01000	made
0.00192	5.00000	0.01000	father
0.00000	0.00000	0.01000	envisioned
0.00000	0.00000	0.01000	runs
0.00000	0.00000	0.01000	per
0.00000	0.00000	0.01000	average
0.00000	0.00000	0.01000	pitched
0.00000	0.00000	0.01000	allowed
0.00000	0.00000	0.01000	1994每95
0.00537	14.00000	0.01000	defeated
0.00039	1.00000	0.01000	final.
0.00000	0.00000	0.01000	3每2
0.01611	42.00000	0.01000	time
0.01688	44.00000	0.01000	received
0.00000	0.00000	0.01000	byes
0.00921	24.00000	0.01000	2002
0.00384	10.00000	0.01000	figure
0.00000	0.00000	0.01000	ladies
0.00000	0.00000	0.01000	singles
0.00000	0.00000	0.01000	determining
0.05677	148.00000	0.01000	also
0.02033	53.00000	0.01000	served
0.00000	0.00000	0.01000	teams
0.00000	0.00000	0.01000	competitors
0.01266	33.00000	0.01000	two
0.00000	0.00000	0.01000	groups
0.02417	63.00000	0.01000	new
0.00231	6.00000	0.01000	3rd
0.00154	4.00000	0.01000	4th
0.00998	26.00000	0.01000	best
0.00000	0.00000	0.01000	would
0.00000	0.00000	0.01000	bronze
0.00039	1.00000	0.01000	medal.
0.01535	40.00000	0.01000	took
0.01189	31.00000	0.01000	place
0.00000	0.00000	0.01000	day
0.00000	0.00000	0.01000	20:05.
0.00000	0.00000	0.01000	players
0.00000	0.00000	0.01000	play
0.00000	0.00000	0.01000	2009每10
0.00000	0.00000	0.01000	confirmedly
0.00000	0.00000	0.01000	section
0.00000	0.00000	0.01000	11.
0.01381	36.00000	0.01000	2012
0.00192	5.00000	0.01000	race
0.00000	0.00000	0.01000	twenty-seventh
0.00000	0.00000	0.01000	hold
0.00000	0.00000	0.01000	races
0.00000	0.00000	0.01000	track
0.00000	0.00000	0.01000	long.
0.00000	0.00000	0.01000	degrees
0.00000	0.00000	0.01000	grandstand
0.00000	0.00000	0.01000	75,000.
0.00000	0.00000	0.01000	2,009.
0.00154	4.00000	0.01000	tied
0.00000	0.00000	0.01000	point
0.00000	0.00000	0.01000	rounded
0.00000	0.00000	0.01000	2,000
0.00844	22.00000	0.01000	started
0.00000	0.00000	0.01000	points
0.00000	0.00000	0.01000	twenty
0.00000	0.00000	0.01000	place.
0.00000	0.00000	0.01000	defending
0.00000	0.00000	0.01000	session
0.00844	22.00000	0.01000	ten
0.00000	0.00000	0.01000	session.
0.00000	0.00000	0.01000	third.
0.00461	12.00000	0.01000	fourth
0.00000	0.00000	0.01000	followed
0.00000	0.00000	0.01000	ten.
0.00000	0.00000	0.01000	drivers
0.00000	0.00000	0.01000	fourteenth
0.00384	10.00000	0.01000	scored
0.00000	0.00000	0.01000	fifth.
0.01151	30.00000	0.01000	three
0.00000	0.00000	0.01000	failed
0.00000	0.00000	0.01000	dehydratase
0.00000	0.00000	0.01000	isomerisation
0.00000	0.00000	0.01000	endemic
0.00000	0.00000	0.01000	south-eastern
0.00000	0.00000	0.01000	grows
0.00000	0.00000	0.01000	yellow
0.00000	0.00000	0.01000	appear
0.00000	0.00000	0.01000	pods
0.00000	0.00000	0.01000	botanist
0.00000	0.00000	0.01000	present-day
0.00000	0.00000	0.01000	recorded
0.00231	6.00000	0.01000	region.
0.00000	0.00000	0.01000	soils
0.00000	0.00000	0.01000	music
0.00000	0.00000	0.01000	story
------------
Topic 2 (938 tokens)
------------
0.00001	0.00000	0.01000	94th
0.00001	0.00000	0.01000	overall.
0.00001	0.00000	0.01000	finished
0.00001	0.00000	0.01000	67-46
0.00001	0.00000	0.01000	place
0.00212	2.00000	0.01000	surprised
0.01372	13.00000	0.01000	baseball
0.00001	0.00000	0.01000	spring
0.00001	0.00000	0.01000	sent
0.00001	0.00000	0.01000	son
0.00634	6.00000	0.01000	games.
0.00001	0.00000	0.01000	leading
0.09495	90.00000	0.01000	game
0.00001	0.00000	0.01000	allowed
0.00001	0.00000	0.01000	runs
0.07069	67.00000	0.01000	played
0.00001	0.00000	0.01000	sponsorship
0.00950	9.00000	0.01000	1994
0.00001	0.00000	0.01000	round.
0.00423	4.00000	0.01000	organized
0.00001	0.00000	0.01000	nation
0.00423	4.00000	0.01000	singles
0.03693	35.00000	0.01000	national
0.01161	11.00000	0.01000	2002
0.00001	0.00000	0.01000	men
0.00950	9.00000	0.01000	former
0.00001	0.00000	0.01000	one
0.00001	0.00000	0.01000	qualification
0.00001	0.00000	0.01000	results
0.00212	2.00000	0.01000	2009每10
0.00001	0.00000	0.01000	individual
0.00001	0.00000	0.01000	lists
0.00001	0.00000	0.01000	show
0.00001	0.00000	0.01000	used
0.00001	0.00000	0.01000	formation
0.00107	1.00000	0.01000	stock
0.00001	0.00000	0.01000	267
0.00001	0.00000	0.01000	laps
0.00001	0.00000	0.01000	well
0.00001	0.00000	0.01000	standard
0.00001	0.00000	0.01000	feet.
0.02744	26.00000	0.01000	second
0.00001	0.00000	0.01000	also
0.00001	0.00000	0.01000	points
0.00001	0.00000	0.01000	reset
0.00001	0.00000	0.01000	twenty-four
0.00001	0.00000	0.01000	ahead
0.00001	0.00000	0.01000	battle
0.00001	0.00000	0.01000	race
0.00001	0.00000	0.01000	practice
0.00528	5.00000	0.01000	sessions
0.00001	0.00000	0.01000	preparation
0.00001	0.00000	0.01000	each.
0.08862	84.00000	0.01000	team
0.00001	0.00000	0.01000	fourth
0.00001	0.00000	0.01000	fifth.
0.00001	0.00000	0.01000	session
0.00001	0.00000	0.01000	took
0.00001	0.00000	0.01000	top
0.00001	0.00000	0.01000	forty-three
0.00001	0.00000	0.01000	procedure.
0.00212	2.00000	0.01000	clinched
0.00001	0.00000	0.01000	29.530.
0.00001	0.00000	0.01000	third
0.00001	0.00000	0.01000	scored
0.00001	0.00000	0.01000	aspera
0.00001	0.00000	0.01000	spreading
0.00001	0.00000	0.01000	high
0.00001	0.00000	0.01000	phyllodes
0.00001	0.00000	0.01000	wide.
0.00001	0.00000	0.01000	formally
0.00001	0.00000	0.01000	collection
0.00001	0.00000	0.01000	made
0.00001	0.00000	0.01000	1836
0.00001	0.00000	0.01000	recognised
0.00001	0.00000	0.01000	montana
0.00001	0.00000	0.01000	ranges
0.00001	0.00000	0.01000	found
0.00001	0.00000	0.01000	mother
0.00001	0.00000	0.01000	past
0.00001	0.00000	0.01000	dreams
0.00001	0.00000	0.01000	depression.
0.00001	0.00000	0.01000	musical
0.00001	0.00000	0.01000	regional
0.00001	0.00000	0.01000	productions.
0.00001	0.00000	0.01000	shown
0.00001	0.00000	0.01000	starred
0.00001	0.00000	0.01000	cast
0.00001	0.00000	0.01000	2008.
0.00001	0.00000	0.01000	boy
0.00001	0.00000	0.01000	revealed
0.00001	0.00000	0.01000	diaries
0.00001	0.00000	0.01000	synopsis.
0.00001	0.00000	0.01000	wake
0.00001	0.00000	0.01000	up.
0.00001	0.00000	0.01000	services
0.00001	0.00000	0.01000	get
0.00001	0.00000	0.01000	back
0.00001	0.00000	0.01000	follow
0.00001	0.00000	0.01000	foster
0.00001	0.00000	0.01000	awaiting
------------
Topic 0 (2147 tokens)
------------
0.00000	0.00000	0.01000	sports
0.00000	0.00000	0.01000	assigned
0.00000	0.00000	0.01000	1994.
0.00140	3.00000	0.01000	dream
0.01299	28.00000	0.01000	late
0.00000	0.00000	0.01000	player.
0.00000	0.00000	0.01000	compiled
0.00000	0.00000	0.01000	633
0.00000	0.00000	0.01000	498
0.00000	0.00000	0.01000	batted
0.00000	0.00000	0.01000	balls
0.00000	0.00000	0.01000	allowed
0.00000	0.00000	0.01000	1994每95
0.00000	0.00000	0.01000	competed
0.00000	0.00000	0.01000	clubs
0.00000	0.00000	0.01000	3每0
0.00835	18.00000	0.01000	played
0.00047	1.00000	0.01000	win
0.00000	0.00000	0.01000	random
0.00000	0.00000	0.01000	skating
0.00000	0.00000	0.01000	national
0.00000	0.00000	0.01000	figure
0.00000	0.00000	0.01000	body.
0.00000	0.00000	0.01000	men
0.00000	0.00000	0.01000	junior
0.00000	0.00000	0.01000	levels.
0.00000	0.00000	0.01000	champions
0.01067	23.00000	0.01000	event
0.00000	0.00000	0.01000	choose
0.00000	0.00000	0.01000	individual
0.00000	0.00000	0.01000	countries
0.00000	0.00000	0.01000	participated
0.00000	0.00000	0.01000	race
0.00000	0.00000	0.01000	information.
0.00000	0.00000	0.01000	players
0.00000	0.00000	0.01000	ends
0.03246	70.00000	0.01000	one
0.00000	0.00000	0.01000	ten
0.00000	0.00000	0.01000	four-turn
0.00000	0.00000	0.01000	turns
0.00000	0.00000	0.01000	banked
0.00000	0.00000	0.01000	capacity
0.00000	0.00000	0.01000	points
0.00000	0.00000	0.01000	points.
0.00000	0.00000	0.01000	leading
0.00000	0.00000	0.01000	129
0.00000	0.00000	0.01000	ahead
0.00000	0.00000	0.01000	qualifying.
0.00000	0.00000	0.01000	scored
0.00047	1.00000	0.01000	managed
0.00000	0.00000	0.01000	quickest
0.00000	0.00000	0.01000	qualifying
0.00000	0.00000	0.01000	grid
0.00000	0.00000	0.01000	qualified
0.00000	0.00000	0.01000	drivers
0.00000	0.00000	0.01000	thirty-fifth.
0.00000	0.00000	0.01000	2-isopropylmalate
0.00000	0.00000	0.01000	dehydration
0.00000	0.00000	0.01000	known
0.00000	0.00000	0.01000	pale
0.00371	8.00000	0.01000	groups
0.00000	0.00000	0.01000	axils
0.00000	0.00000	0.01000	species
0.00000	0.00000	0.01000	currently
0.00000	0.00000	0.01000	hybrids
0.00000	0.00000	0.01000	sandy
0.00000	0.00000	0.01000	gravelly
0.00000	0.00000	0.01000	forest
0.00000	0.00000	0.01000	mallee
0.01391	30.00000	0.01000	book
0.00047	1.00000	0.01000	ace.
0.00000	0.00000	0.01000	2006
0.00000	0.00000	0.01000	began
0.00000	0.00000	0.01000	2003
0.00140	3.00000	0.01000	2005.
0.01067	23.00000	0.01000	musical
0.01020	22.00000	0.01000	production
0.01067	23.00000	0.01000	featured
0.00000	0.00000	0.01000	renamed
0.00000	0.00000	0.01000	ten-year-old
0.00000	0.00000	0.01000	swallowed
0.00093	2.00000	0.01000	bottle
0.00140	3.00000	0.01000	sleeping
0.00093	2.00000	0.01000	psychiatric
0.00186	4.00000	0.01000	places
0.00186	4.00000	0.01000	angry
0.00000	0.00000	0.01000	care
0.00140	3.00000	0.01000	contact
0.00140	3.00000	0.01000	letters.
0.00000	0.00000	0.01000	mistakes
0.00000	0.00000	0.01000	writes
0.00140	3.00000	0.01000	asking
0.00047	1.00000	0.01000	clues
0.00232	5.00000	0.01000	conclusion
0.00000	0.00000	0.01000	instructions
0.00000	0.00000	0.01000	fighter
0.00000	0.00000	0.01000	pilot
0.00140	3.00000	0.01000	mother.
0.00093	2.00000	0.01000	baking
0.00093	2.00000	0.01000	successfully
0.00000	0.00000	0.01000	cookies
